1684756255523112704.000000 0.000000000 0.000000000 0.000000000 -0.000000000 -0.000000000 -0.000000000 1.000000000
1684756255523112704.000000 -0.000000005 0.000000002 0.000000029 -0.000000000 0.000000002 -0.000000002 1.000000000
1684756255523112704.000000 -0.000000006 0.000000002 0.000000029 -0.000000000 0.000000002 -0.000000003 1.000000000
1684756255523112704.000000 -0.000000007 0.000000002 0.000000029 -0.000000000 0.000000002 -0.000000003 1.000000000
1684756255523112704.000000 -0.000000007 0.000000002 0.000000029 -0.000000000 0.000000002 -0.000000004 1.000000000
1684756255523112704.000000 -0.000000008 0.000000002 0.000000030 -0.000000000 0.000000002 -0.000000003 1.000000000
1684756255523112704.000000 -0.000000006 0.000000003 0.000000029 -0.000000000 0.000000002 -0.000000003 1.000000000
1684756255523112704.000000 -0.000000006 0.000000002 0.000000029 -0.000000000 0.000000002 -0.000000003 1.000000000
1684756255523112704.000000 -0.000000007 0.000000002 0.000000030 -0.000000000 0.000000002 -0.000000003 1.000000000
1684756255523112704.000000 -0.000000006 0.000000002 0.000000029 -0.000000000 0.000000002 -0.000000003 1.000000000
1684756255523112704.000000 -0.000000006 0.000000002 0.000000029 -0.000000000 0.000000002 -0.000000003 1.000000000
1684756255523112704.000000 -0.000000005 0.000000002 0.000000029 -0.000000000 0.000000002 -0.000000003 1.000000000
1684756255523112704.000000 -0.000000008 0.000000002 0.000000030 -0.000000000 0.000000002 -0.000000003 1.000000000
1684756255523112704.000000 -0.000000006 0.000000002 0.000000029 -0.000000000 0.000000002 -0.000000003 1.000000000
1684756255523112704.000000 -0.000000005 0.000000002 0.000000029 -0.000000000 0.000000002 -0.000000003 1.000000000
1684756255523112704.000000 -0.000000005 0.000000002 0.000000029 -0.000000000 0.000000002 -0.000000003 1.000000000
1684756255523112704.000000 -0.000000007 0.000000002 0.000000030 -0.000000000 0.000000002 -0.000000003 1.000000000
1684756255523112704.000000 -0.000000006 0.000000002 0.000000029 -0.000000000 0.000000002 -0.000000003 1.000000000
1684756255523112704.000000 -0.000000006 0.000000002 0.000000029 -0.000000000 0.000000002 -0.000000003 1.000000000
1684756255523112704.000000 -0.000000005 0.000000002 0.000000029 -0.000000000 0.000000002 -0.000000003 1.000000000
1684756255523112704.000000 -0.000000005 0.000000002 0.000000029 -0.000000000 0.000000002 -0.000000003 1.000000000
1684756255523112704.000000 -0.000000004 0.000000002 0.000000029 -0.000000000 0.000000002 -0.000000003 1.000000000
1684756255523112704.000000 -0.000000004 0.000000002 0.000000029 -0.000000000 0.000000002 -0.000000003 1.000000000
1684756255523112704.000000 -0.000000004 0.000000001 0.000000029 -0.000000000 0.000000002 -0.000000003 1.000000000
1684756255523112704.000000 -0.000000004 0.000000001 0.000000029 -0.000000000 0.000000002 -0.000000003 1.000000000
1684756255523112704.000000 -0.000000008 0.000000002 0.000000031 -0.000000000 0.000000002 -0.000000003 1.000000000
1684756255523112704.000000 -0.000000006 0.000000003 0.000000029 -0.000000000 0.000000002 -0.000000003 1.000000000
1684756255523112704.000000 -0.000000006 0.000000002 0.000000029 -0.000000000 0.000000002 -0.000000003 1.000000000
1684756255523112704.000000 -0.000000005 0.000000002 0.000000029 -0.000000000 0.000000002 -0.000000003 1.000000000
1684756255523112704.000000 -0.000000005 0.000000002 0.000000028 0.000000000 0.000000002 -0.000000003 1.000000000
1684756255523112704.000000 -0.000000005 0.000000002 0.000000028 -0.000000000 0.000000002 -0.000000003 1.000000000
1684756255523112704.000000 -0.000000005 0.000000002 0.000000029 -0.000000000 0.000000002 -0.000000003 1.000000000
1684756255523112704.000000 -0.000000007 0.000000002 0.000000030 -0.000000000 0.000000002 -0.000000003 1.000000000
1684756255523112704.000000 -0.000000006 0.000000002 0.000000029 -0.000000000 0.000000002 -0.000000003 1.000000000
1684756255523112704.000000 -0.000000006 0.000000002 0.000000029 -0.000000000 0.000000002 -0.000000003 1.000000000
1684756255523112704.000000 -0.000000005 0.000000002 0.000000029 -0.000000000 0.000000002 -0.000000003 1.000000000
1684756255523112704.000000 -0.000000005 0.000000002 0.000000029 -0.000000000 0.000000002 -0.000000003 1.000000000
1684756255523112704.000000 -0.000000005 0.000000002 0.000000029 -0.000000000 0.000000002 -0.000000003 1.000000000
1684756255523112704.000000 -0.000000007 0.000000002 0.000000030 -0.000000000 0.000000002 -0.000000003 1.000000000
1684756255523112704.000000 -0.000000006 0.000000002 0.000000029 -0.000000000 0.000000002 -0.000000003 1.000000000
1684756255523112704.000000 -0.000000006 0.000000002 0.000000029 -0.000000000 0.000000002 -0.000000003 1.000000000
1684756255523112704.000000 -0.000000005 0.000000002 0.000000029 -0.000000000 0.000000002 -0.000000003 1.000000000
1684756255523112704.000000 -0.000000007 0.000000002 0.000000030 -0.000000000 0.000000002 -0.000000003 1.000000000
1684756255523112704.000000 -0.000000006 0.000000002 0.000000029 -0.000000000 0.000000002 -0.000000003 1.000000000
1684756255523112704.000000 -0.000000005 0.000000002 0.000000029 -0.000000000 0.000000002 -0.000000003 1.000000000
1684756255523112704.000000 -0.000000005 0.000000002 0.000000029 -0.000000000 0.000000002 -0.000000003 1.000000000
1684756255523112704.000000 -0.000000008 0.000000002 0.000000030 -0.000000000 0.000000002 -0.000000003 1.000000000
1684756255523112704.000000 -0.000000006 0.000000002 0.000000029 -0.000000000 0.000000002 -0.000000003 1.000000000
1684756255523112704.000000 -0.000000006 0.000000002 0.000000029 -0.000000000 0.000000002 -0.000000003 1.000000000
1684756255523112704.000000 -0.000000005 0.000000002 0.000000029 -0.000000000 0.000000002 -0.000000003 1.000000000
1684756255523112704.000000 -0.000000005 0.000000002 0.000000029 -0.000000000 0.000000002 -0.000000003 1.000000000
1684756255523112704.000000 -0.000000007 0.000000002 0.000000030 -0.000000000 0.000000002 -0.000000003 1.000000000
1684756255523112704.000000 -0.000000006 0.000000002 0.000000029 -0.000000000 0.000000002 -0.000000003 1.000000000
1684756255523112704.000000 -0.000000006 0.000000002 0.000000029 -0.000000000 0.000000002 -0.000000003 1.000000000
1684756255523112704.000000 -0.000000005 0.000000002 0.000000029 -0.000000000 0.000000002 -0.000000003 1.000000000
1684756255523112704.000000 -0.000000008 0.000000002 0.000000030 -0.000000000 0.000000002 -0.000000003 1.000000000
1684756255523112704.000000 -0.000000006 0.000000002 0.000000029 -0.000000000 0.000000002 -0.000000003 1.000000000
1684756255523112704.000000 -0.000000006 0.000000002 0.000000029 -0.000000000 0.000000002 -0.000000003 1.000000000
1684756255523112704.000000 -0.000000005 0.000000002 0.000000029 -0.000000000 0.000000002 -0.000000003 1.000000000
1684756255523112704.000000 -0.000000005 0.000000002 0.000000029 -0.000000000 0.000000002 -0.000000003 1.000000000
1684756255523112704.000000 -0.000000004 0.000000002 0.000000029 -0.000000000 0.000000002 -0.000000003 1.000000000
1684756255523112704.000000 -0.000000004 0.000000001 0.000000029 -0.000000000 0.000000002 -0.000000003 1.000000000
1684756255523112704.000000 -0.000000004 0.000000001 0.000000029 -0.000000000 0.000000002 -0.000000003 1.000000000
1684756255523112704.000000 -0.000000008 0.000000002 0.000000031 -0.000000000 0.000000002 -0.000000003 1.000000000
1684756255523112704.000000 -0.000000006 0.000000003 0.000000029 -0.000000000 0.000000002 -0.000000003 1.000000000
1684756255523112704.000000 -0.000000006 0.000000002 0.000000029 -0.000000000 0.000000002 -0.000000003 1.000000000
1684756255523112704.000000 -0.000000005 0.000000002 0.000000029 -0.000000000 0.000000002 -0.000000003 1.000000000
1684756255523112704.000000 -0.000000005 0.000000002 0.000000028 0.000000000 0.000000002 -0.000000003 1.000000000
1684756255523112704.000000 -0.000000005 0.000000002 0.000000029 -0.000000000 0.000000002 -0.000000003 1.000000000
1684756255523112704.000000 -0.000000005 0.000000002 0.000000029 -0.000000000 0.000000002 -0.000000003 1.000000000
1684756255523112704.000000 -0.000000007 0.000000002 0.000000030 -0.000000000 0.000000002 -0.000000003 1.000000000
1684756255523112704.000000 -0.000000006 0.000000002 0.000000029 -0.000000000 0.000000002 -0.000000003 1.000000000
1684756255523112704.000000 -0.000000006 0.000000002 0.000000029 -0.000000000 0.000000002 -0.000000003 1.000000000
1684756255523112704.000000 -0.000000008 0.000000002 0.000000030 -0.000000000 0.000000002 -0.000000003 1.000000000
1684756255523112704.000000 -0.000000006 0.000000002 0.000000029 -0.000000000 0.000000002 -0.000000003 1.000000000
1684756255523112704.000000 -0.000000006 0.000000002 0.000000029 -0.000000000 0.000000002 -0.000000003 1.000000000
1684756255523112704.000000 -0.000000008 0.000000002 0.000000030 -0.000000000 0.000000002 -0.000000003 1.000000000
1684756255523112704.000000 -0.000000006 0.000000002 0.000000029 -0.000000000 0.000000002 -0.000000003 1.000000000
1684756255523112704.000000 -0.000000006 0.000000002 0.000000029 -0.000000000 0.000000002 -0.000000003 1.000000000
1684756255523112704.000000 -0.000000005 0.000000002 0.000000029 -0.000000000 0.000000002 -0.000000003 1.000000000
1684756255523112704.000000 -0.000000007 0.000000002 0.000000030 -0.000000000 0.000000002 -0.000000003 1.000000000
1684756255523112704.000000 -0.000000006 0.000000002 0.000000029 -0.000000000 0.000000002 -0.000000003 1.000000000
1684756255523112704.000000 -0.000000006 0.000000002 0.000000029 -0.000000000 0.000000002 -0.000000003 1.000000000
1684756255523112704.000000 -0.000000005 0.000000002 0.000000029 -0.000000000 0.000000002 -0.000000003 1.000000000
1684756255523112704.000000 -0.000000007 0.000000002 0.000000030 -0.000000000 0.000000002 -0.000000003 1.000000000
1684756255523112704.000000 -0.000000006 0.000000002 0.000000029 -0.000000000 0.000000002 -0.000000003 1.000000000
1684756255523112704.000000 -0.000000006 0.000000002 0.000000029 -0.000000000 0.000000002 -0.000000003 1.000000000
1684756255523112704.000000 -0.000000005 0.000000002 0.000000029 -0.000000000 0.000000002 -0.000000003 1.000000000
1684756255523112704.000000 -0.000000005 0.000000002 0.000000029 -0.000000000 0.000000002 -0.000000003 1.000000000
1684756255523112704.000000 -0.000000007 0.000000002 0.000000030 -0.000000000 0.000000002 -0.000000003 1.000000000
1684756255523112704.000000 -0.000000006 0.000000002 0.000000029 -0.000000000 0.000000002 -0.000000003 1.000000000
1684756255523112704.000000 -0.000000006 0.000000002 0.000000029 -0.000000000 0.000000002 -0.000000003 1.000000000
1684756255523112704.000000 -0.000000008 0.000000002 0.000000030 -0.000000000 0.000000002 -0.000000003 1.000000000
1684756255523112704.000000 -0.000000006 0.000000002 0.000000029 -0.000000000 0.000000002 -0.000000003 1.000000000
1684756255523112704.000000 -0.000000006 0.000000002 0.000000029 -0.000000000 0.000000002 -0.000000003 1.000000000
1684756255523112704.000000 -0.000000005 0.000000002 0.000000029 -0.000000000 0.000000002 -0.000000003 1.000000000
1684756255523112704.000000 -0.000000007 0.000000002 0.000000030 -0.000000000 0.000000002 -0.000000003 1.000000000
1684756255523112704.000000 -0.000000006 0.000000002 0.000000029 -0.000000000 0.000000002 -0.000000003 1.000000000
1684756255523112704.000000 -0.000000006 0.000000002 0.000000029 -0.000000000 0.000000002 -0.000000003 1.000000000
1684756255523112704.000000 -0.000000005 0.000000002 0.000000029 -0.000000000 0.000000002 -0.000000003 1.000000000
1684756255523112704.000000 -0.000000005 0.000000002 0.000000029 -0.000000000 0.000000002 -0.000000003 1.000000000
